0.000000 0.000005
0.006953 0.000028
0.013906 0.000067
0.020859 0.000122
0.027812 0.000190
0.034765 0.000268
0.041718 0.000356
0.048671 0.000452
0.055624 0.000552
0.062577 0.000656
0.069530 0.000762
0.076483 0.000869
0.083436 0.000974
0.090389 0.001076
0.097342 0.001174
0.104295 0.001268
0.111248 0.001355
0.118201 0.001436
0.125154 0.001508
0.132107 0.001573
0.139060 0.001628
0.146013 0.001675
0.152966 0.001711
0.159919 0.001738
0.166872 0.001755
0.173825 0.001761
0.180778 0.001758
0.187731 0.001746
0.194684 0.001724
0.201637 0.001693
0.208590 0.001654
0.215543 0.001607
0.222496 0.001554
0.229449 0.001495
0.236402 0.001431
0.243355 0.001363
0.250308 0.001293
0.257261 0.001221
0.264214 0.001148
0.271167 0.001077
0.278120 0.001007
0.285073 0.000941
0.292026 0.000880
0.298979 0.000823
0.305932 0.000774
0.312885 0.000731
0.319838 0.000697
0.326791 0.000671
0.333744 0.000654
0.340697 0.000646
0.347650 0.000648
0.354603 0.000658
0.361556 0.000677
0.368509 0.000704
0.375462 0.000739
0.382415 0.000781
0.389368 0.000829
0.396321 0.000882
0.403274 0.000940
0.410227 0.001001
0.417180 0.001065
0.424133 0.001130
0.431086 0.001195
0.438039 0.001260
0.444992 0.001323
0.451945 0.001383
0.458898 0.001440
0.465851 0.001493
0.472804 0.001541
0.479757 0.001583
0.486710 0.001619
0.493663 0.001648
0.500616 0.001670
0.507569 0.001684
0.514522 0.001691
0.521475 0.001690
0.528428 0.001680
0.535381 0.001663
0.542334 0.001639
0.549287 0.001607
0.556240 0.001569
0.563193 0.001524
0.570146 0.001473
0.577099 0.001418
0.584052 0.001358
0.591005 0.001296
0.597958 0.001231
0.604911 0.001165
0.611864 0.001099
0.618817 0.001034
0.625770 0.000971
0.632723 0.000912
0.639676 0.000857
0.646629 0.000807
0.653582 0.000763
0.660535 0.000726
0.667488 0.000697
0.674441 0.000675
0.681394 0.000662
0.688347 0.000658
0.695300 0.000662
0.702253 0.000674
0.709206 0.000695
0.716159 0.000724
0.723112 0.000759
0.730065 0.000802
0.737018 0.000850
0.743971 0.000903
0.750924 0.000960
0.757877 0.001021
0.764830 0.001084
0.771783 0.001147
0.778736 0.001211
0.785689 0.001275
0.792642 0.001337
0.799595 0.001396
0.806548 0.001451
0.813501 0.001503
0.820454 0.001549
0.827407 0.001590
0.834360 0.001625
0.841313 0.001653
0.848266 0.001673
0.855219 0.001687
0.862172 0.001692
0.869125 0.001690
0.876078 0.001680
0.883031 0.001663
0.889984 0.001637
0.896937 0.001605
0.903890 0.001566
0.910843 0.001521
0.917796 0.001470
0.924749 0.001414
0.931702 0.001355
0.938655 0.001292
0.945608 0.001227
0.952561 0.001161
0.959514 0.001096
0.966467 0.001031
0.973420 0.000968
0.980373 0.000909
0.987326 0.000854
0.994279 0.000804
1.001232 0.000761
1.008185 0.000724
1.015138 0.000695
1.022091 0.000674
1.029044 0.000661
1.035997 0.000657
1.042950 0.000661
1.049903 0.000674
1.056856 0.000695
1.063809 0.000724
1.070762 0.000760
1.077715 0.000802
1.084668 0.000850
1.091621 0.000904
1.098574 0.000961
1.105527 0.001022
1.112480 0.001084
1.119433 0.001148
1.126386 0.001212
1.133339 0.001276
1.140292 0.001337
1.147245 0.001396
1.154198 0.001452
1.161151 0.001503
1.168104 0.001550
1.175057 0.001591
1.182010 0.001625
1.188963 0.001653
1.195916 0.001674
1.202869 0.001687
1.209822 0.001693
1.216775 0.001690
1.223728 0.001680
1.230681 0.001663
1.237634 0.001638
1.244587 0.001605
1.251540 0.001566
1.258493 0.001521
1.265446 0.001470
1.272399 0.001414
1.279352 0.001355
1.286305 0.001292
1.293258 0.001227
1.300211 0.001161
1.307164 0.001095
1.314117 0.001031
1.321070 0.000968
1.328023 0.000909
1.334976 0.000854
1.341929 0.000804
1.348882 0.000761
1.355835 0.000724
1.362788 0.000695
1.369741 0.000674
1.376694 0.000661
1.383647 0.000657
1.390600 0.000661
1.397553 0.000674
1.404506 0.000695
1.411459 0.000724
1.418412 0.000760
1.425365 0.000802
1.432318 0.000850
1.439271 0.000904
1.446224 0.000961
1.453177 0.001022
1.460130 0.001084
1.467083 0.001148
1.474036 0.001212
1.480989 0.001276
1.487942 0.001337
1.494895 0.001396
1.501848 0.001452
1.508801 0.001503
1.515754 0.001550
1.522707 0.001591
1.529660 0.001625
1.536613 0.001653
1.543566 0.001674
1.550519 0.001687
1.557472 0.001693
1.564425 0.001690
1.571378 0.001680
1.578331 0.001663
1.585284 0.001638
1.592237 0.001605
1.599190 0.001566
1.606143 0.001521
1.613096 0.001470
1.620049 0.001414
1.627002 0.001355
1.633955 0.001292
1.640908 0.001227
1.647861 0.001161
1.654814 0.001095
1.661767 0.001031
1.668720 0.000968
1.675673 0.000909
1.682626 0.000854
1.689579 0.000804
1.696532 0.000761
1.703485 0.000724
1.710438 0.000695
1.717391 0.000674
1.724344 0.000661
1.731297 0.000657
1.738250 0.000661
1.745203 0.000674
1.752156 0.000695
1.759109 0.000724
1.766062 0.000760
1.773015 0.000802
1.779968 0.000851
1.786921 0.000904
1.793874 0.000961
1.800827 0.001022
1.807780 0.001084
1.814733 0.001148
1.821686 0.001212
1.828639 0.001276
1.835592 0.001337
1.842545 0.001397
1.849498 0.001452
1.856451 0.001504
1.863404 0.001550
1.870357 0.001591
1.877310 0.001625
1.884263 0.001653
1.891216 0.001674
1.898169 0.001687
1.905122 0.001693
1.912075 0.001690
1.919028 0.001680
1.925981 0.001663
1.932934 0.001637
1.939887 0.001605
1.946840 0.001566
1.953793 0.001521
1.960746 0.001470
1.967699 0.001414
1.974652 0.001354
1.981605 0.001292
1.988558 0.001227
1.995511 0.001161
2.002464 0.001095
2.009417 0.001030
2.016370 0.000968
2.023323 0.000909
2.030276 0.000854
2.037229 0.000804
2.044182 0.000761
2.051135 0.000724
2.058088 0.000695
2.065041 0.000674
2.071994 0.000661
2.078947 0.000657
2.085900 0.000661
2.092853 0.000674
2.099806 0.000695
2.106759 0.000724
2.113712 0.000760
2.120665 0.000802
2.127618 0.000851
2.134571 0.000904
2.141524 0.000961
2.148477 0.001022
2.155430 0.001085
2.162383 0.001148
2.169336 0.001213
2.176289 0.001276
2.183242 0.001338
2.190195 0.001397
2.197148 0.001452
2.204101 0.001504
2.211054 0.001550
2.218007 0.001591
2.224960 0.001625
2.231913 0.001653
2.238866 0.001674
2.245819 0.001687
2.252772 0.001693
2.259725 0.001690
2.266678 0.001680
2.273631 0.001663
2.280584 0.001637
2.287537 0.001605
2.294490 0.001566
2.301443 0.001521
2.308396 0.001470
2.315349 0.001414
2.322302 0.001354
2.329255 0.001292
2.336208 0.001227
2.343161 0.001161
2.350114 0.001095
2.357067 0.001030
2.364020 0.000968
2.370973 0.000909
2.377926 0.000854
2.384879 0.000804
2.391832 0.000760
2.398785 0.000724
2.405738 0.000695
2.412691 0.000674
2.419644 0.000661
2.426597 0.000657
2.433550 0.000661
2.440503 0.000674
2.447456 0.000695
2.454409 0.000724
2.461362 0.000760
2.468315 0.000802
2.475268 0.000851
2.482221 0.000904
2.489174 0.000961
2.496127 0.001022
2.503080 0.001085
2.510033 0.001149
2.516986 0.001213
2.523939 0.001276
2.530892 0.001338
2.537845 0.001397
2.544798 0.001452
2.551751 0.001504
2.558704 0.001550
2.565657 0.001591
2.572610 0.001625
2.579563 0.001653
2.586516 0.001674
2.593469 0.001687
2.600422 0.001693
2.607375 0.001690
2.614328 0.001680
2.621281 0.001663
2.628234 0.001637
2.635187 0.001605
2.642140 0.001566
2.649093 0.001520
2.656046 0.001470
2.662999 0.001414
2.669952 0.001354
2.676905 0.001291
2.683858 0.001227
2.690811 0.001161
2.697764 0.001095
2.704717 0.001030
2.711670 0.000968
2.718623 0.000908
2.725576 0.000854
2.732529 0.000804
2.739482 0.000760
2.746435 0.000724
2.753388 0.000695
2.760341 0.000674
2.767294 0.000661
2.774247 0.000657
2.781200 0.000661
2.788153 0.000674
2.795106 0.000695
2.802059 0.000724
2.809012 0.000760
2.815965 0.000802
2.822918 0.000851
2.829871 0.000904
2.836824 0.000962
2.843777 0.001022
2.850730 0.001085
2.857683 0.001149
2.864636 0.001213
2.871589 0.001276
2.878542 0.001338
2.885495 0.001397
2.892448 0.001452
2.899401 0.001504
2.906354 0.001550
2.913307 0.001591
2.920260 0.001625
2.927213 0.001653
2.934166 0.001674
2.941119 0.001687
2.948072 0.001693
2.955025 0.001690
2.961978 0.001680
2.968931 0.001663
2.975884 0.001637
2.982837 0.001605
2.989790 0.001566
2.996743 0.001520
3.003696 0.001470
3.010649 0.001414
3.017602 0.001354
3.024555 0.001291
3.031508 0.001227
3.038461 0.001161
3.045414 0.001095
3.052367 0.001030
3.059320 0.000968
3.066273 0.000908
3.073226 0.000853
3.080179 0.000804
3.087132 0.000760
3.094085 0.000724
3.101038 0.000695
3.107991 0.000674
3.114944 0.000661
3.121897 0.000657
3.128850 0.000661
3.135803 0.000674
3.142756 0.000695
3.149709 0.000724
3.156662 0.000760
3.163615 0.000803
3.170568 0.000851
3.177521 0.000904
3.184474 0.000962
3.191427 0.001022
3.198380 0.001085
3.205333 0.001149
3.212286 0.001213
3.219239 0.001276
3.226192 0.001338
3.233145 0.001397
3.240098 0.001453
3.247051 0.001504
3.254004 0.001550
3.260957 0.001591
3.267910 0.001626
3.274863 0.001653
3.281816 0.001674
3.288769 0.001687
3.295722 0.001693
3.302675 0.001690
3.309628 0.001680
3.316581 0.001663
3.323534 0.001637
3.330487 0.001605
3.337440 0.001566
3.344393 0.001520
3.351346 0.001469
3.358299 0.001414
3.365252 0.001354
3.372205 0.001291
3.379158 0.001226
3.386111 0.001161
3.393064 0.001095
3.400017 0.001030
3.406970 0.000967
3.413923 0.000908
3.420876 0.000853
3.427829 0.000804
3.434782 0.000760
3.441735 0.000724
3.448688 0.000695
3.455641 0.000674
3.462594 0.000661
3.469547 0.000657
3.476500 0.000661
3.483453 0.000674
3.490406 0.000695
3.497359 0.000724
3.504312 0.000760
3.511265 0.000803
3.518218 0.000851
3.525171 0.000904
3.532124 0.000962
3.539077 0.001022
3.546030 0.001085
3.552983 0.001149
3.559936 0.001213
3.566889 0.001276
3.573842 0.001338
3.580795 0.001397
3.587748 0.001453
3.594701 0.001504
3.601654 0.001550
3.608607 0.001591
3.615560 0.001626
3.622513 0.001653
3.629466 0.001674
3.636419 0.001687
3.643372 0.001693
3.650325 0.001690
3.657278 0.001680
3.664231 0.001662
3.671184 0.001637
3.678137 0.001605
3.685090 0.001566
3.692043 0.001520
3.698996 0.001469
3.705949 0.001414
3.712902 0.001354
3.719855 0.001291
3.726808 0.001226
3.733761 0.001160
3.740714 0.001095
3.747667 0.001030
3.754620 0.000967
3.761573 0.000908
3.768526 0.000853
3.775479 0.000804
3.782432 0.000760
3.789385 0.000724
3.796338 0.000695
3.803291 0.000674
3.810244 0.000661
3.817197 0.000657
3.824150 0.000661
3.831103 0.000674
3.838056 0.000695
3.845009 0.000724
3.851962 0.000760
3.858915 0.000803
3.865868 0.000851
3.872821 0.000904
3.879774 0.000962
3.886727 0.001022
3.893680 0.001085
3.900633 0.001149
3.907586 0.001213
3.914539 0.001276
3.921492 0.001338
3.928445 0.001397
3.935398 0.001453
3.942351 0.001504
3.949304 0.001550
3.956257 0.001591
3.963210 0.001626
3.970163 0.001653
3.977116 0.001674
3.984069 0.001687
3.991022 0.001693
3.997975 0.001690
