0.0 0.00000000000000018
0.5 0.00000000000000033
1.0 0.00000000000000020
1.5 0.00000000000000013
2.0 -0.00000000000000006
2.5 -0.00000000000000011
3.0 -0.00000000000000005
3.5 -0.00000000000000008
4.0 0.00000000000000050
4.5 0.00000000000000007
5.0 0.00000000000000003
5.5 -0.00000000000000012
6.0 -0.00000000000000007
6.5 -0.00000000000000017
7.0 -0.00000000000000001
7.5 -0.00000000000000011
8.0 -0.00000000000000019
8.5 0.00000000000000000
9.0 0.00000000000000003
9.5 0.00000000000000003
10.0 -0.00000000000000017
10.5 0.00000000000000008
11.0 -0.00000000000000008
11.5 0.00000000000000025
12.0 0.00000000000000025
12.5 0.00000000000000042
13.0 0.00000000000000033
13.5 0.00000000000000033
14.0 0.00000000000000006
14.5 -0.00000000000000017
15.0 -0.00000000000000022
15.5 0.00000000000000000
16.0 0.00000000000000006
16.5 0.00000000000000033
17.0 0.00000000000000039
17.5 -0.00000000000000006
18.0 0.00000000000000000
18.5 -0.00000000000000017
19.0 -0.00000000000000028
19.5 -0.00000000000000044
20.0 -0.00000000000000011
20.5 -0.00000000000000039
21.0 -0.00000000000000050
21.5 -0.00000000000000033
22.0 -0.00000000000000033
22.5 -0.00000000000000033
23.0 -0.00000000000000011
23.5 0.00000000000000000
24.0 -0.00000000000000050
24.5 -0.00000000000000011
25.0 -0.00000000000000039
25.5 -0.00000000000000067
26.0 -0.00000000000000028
26.5 -0.00000000000000044
27.0 -0.00000000000000022
27.5 -0.00000000000000056
28.0 -0.00000000000000028
28.5 -0.00000000000000044
29.0 0.00000000000000006
29.5 0.00000000000000006
30.0 0.00000000000000000
30.5 0.00000000000000011
31.0 -0.00000000000000022
31.5 0.00000000000000011
32.0 -0.00000000000000044
32.5 -0.00000000000000056
33.0 -0.00000000000000067
33.5 -0.00000000000000067
34.0 -0.00000000000000022
34.5 -0.00000000000000044
35.0 -0.00000000000000033
35.5 -0.00000000000000067
36.0 -0.00000000000000033
36.5 -0.00000000000000022
37.0 -0.00000000000000044
37.5 -0.00000000000000033
38.0 -0.00000000000000056
38.5 0.00000000000000000
39.0 -0.00000000000000044
39.5 -0.00000000000000078
40.0 0.00000000000000022
40.5 0.00000000000000033
41.0 -0.00000000000000022
41.5 -0.00000000000000067
42.0 -0.00000000000000022
42.5 -0.00000000000000067
43.0 -0.00000000000000011
43.5 -0.00000000000000044
44.0 -0.00000000000000022
44.5 -0.00000000000000056
45.0 0.00000000000000046
45.5 -0.00000000000000044
46.0 -0.00000000000000033
46.5 -0.00000000000000022
47.0 -0.00000000000000033
47.5 -0.00000000000000033
48.0 -0.00000000000000056
48.5 0.00000000000000011
49.0 -0.00000000000000033
49.5 0.00000000000000000
50.0 -0.00000000000000078
50.5 0.00000000000000011
51.0 -0.00000000000000056
51.5 0.00000000000000000
52.0 -0.00000000000000022
52.5 -0.00000000000000056
53.0 -0.00000000000000067
53.5 -0.00000000000000022
54.0 -0.00000000000000056
54.5 -0.00000000000000033
55.0 -0.00000000000000044
55.5 -0.00000000000000044
56.0 -0.00000000000000022
56.5 0.00000000000000011
57.0 -0.00000000000000100
57.5 0.00000000000000000
58.0 -0.00000000000000033
58.5 -0.00000000000000022
59.0 0.00000000000000000
59.5 0.00000000000000000
60.0 -0.00000000000000022
60.5 -0.00000000000000033
61.0 -0.00000000000000033
61.5 0.00000000000000022
62.0 -0.00000000000000022
62.5 0.00000000000000000
63.0 -0.00000000000000022
63.5 -0.00000000000000022
64.0 -0.00000000000000033
64.5 0.00000000000000000
65.0 -0.00000000000000044
65.5 -0.00000000000000022
66.0 -0.00000000000000022
66.5 -0.00000000000000011
67.0 0.00000000000000000
67.5 0.00000000000000000
68.0 0.00000000000000000
68.5 -0.00000000000000022
69.0 -0.00000000000000011
69.5 -0.00000000000000011
70.0 -0.00000000000000011
70.5 0.00000000000000000
71.0 -0.00000000000000022
71.5 -0.00000000000000056
72.0 -0.00000000000000056
72.5 -0.00000000000000056
73.0 0.00000000000000011
73.5 -0.00000000000000033
74.0 -0.00000000000000022
74.5 -0.00000000000000056
75.0 -0.00000000000000022
75.5 -0.00000000000000011
76.0 -0.00000000000000056
76.5 0.00000000000000011
77.0 -0.00000000000000056
77.5 -0.00000000000000011
78.0 -0.00000000000000056
78.5 -0.00000000000000044
79.0 -0.00000000000000067
79.5 -0.00000000000000056
80.0 -0.00000000000000044
80.5 -0.00000000000000067
81.0 -0.00000000000000078
81.5 -0.00000000000000056
82.0 -0.00000000000000033
82.5 -0.00000000000000056
83.0 -0.00000000000000089
83.5 -0.00000000000000033
84.0 -0.00000000000000044
84.5 0.00000000000000000
85.0 -0.00000000000000089
85.5 -0.00000000000000044
86.0 -0.00000000000000044
86.5 -0.00000000000000011
87.0 -0.00000000000000044
87.5 -0.00000000000000022
88.0 -0.00000000000000044
88.5 -0.00000000000000122
89.0 -0.00000000000000056
89.5 -0.00000000000000022
90.0 -0.00000000000000022
90.5 0.00000000000000000
91.0 -0.00000000000000011
91.5 -0.00000000000000033
92.0 0.00000000000000067
92.5 0.00000000000000133
93.0 0.00000000000000133
93.5 0.00000000000000155
94.0 0.00000000000000178
94.5 0.00000000000000200
95.0 0.00000000000000200
95.5 0.00000000000000278
96.0 0.00000000000000278
96.5 0.00000000000000322
97.0 0.00000000000000300
97.5 0.00000000000000344
98.0 0.00000000000000411
98.5 0.00000000000000411
99.0 0.00000000000000411
99.5 0.00000000000000444
100.0 0.00000000000000488
100.5 0.00000000000000500
101.0 0.00000000000000533
101.5 0.00000000000000577
102.0 0.00000000000000600
102.5 0.00000000000000655
103.0 0.00000000000000633
103.5 0.00000000000000733
104.0 0.00000000000000699
104.5 0.00000000000000744
105.0 0.00000000000000777
105.5 0.00000000000000788
106.0 0.00000000000000844
106.5 0.00000000000000877
107.0 0.00000000000000888
107.5 0.00000000000000910
108.0 0.00000000000000933
108.5 0.00000000000000955
109.0 0.00000000000001010
109.5 0.00000000000001021
110.0 0.00000000000001066
110.5 0.00000000000001066
111.0 0.00000000000001077
111.5 0.00000000000001088
112.0 0.00000000000001166
112.5 0.00000000000001155
113.0 0.00000000000001177
113.5 0.00000000000001210
114.0 0.00000000000001232
114.5 0.00000000000001243
115.0 0.00000000000001299
115.5 0.00000000000001332
116.0 0.00000000000001310
116.5 0.00000000000001354
117.0 0.00000000000001388
117.5 0.00000000000001454
118.0 0.00000000000001443
118.5 0.00000000000001510
119.0 0.00000000000001488
119.5 0.00000000000001477
120.0 0.00000000000001521
120.5 0.00000000000001599
121.0 0.00000000000001610
121.5 0.00000000000001588
122.0 0.00000000000001621
122.5 0.00000000000001676
123.0 0.00000000000001588
123.5 0.00000000000001710
124.0 0.00000000000001688
124.5 0.00000000000001699
125.0 0.00000000000001721
125.5 0.00000000000001787
126.0 0.00000000000001765
126.5 0.00000000000001810
127.0 0.00000000000001799
127.5 0.00000000000001787
128.0 0.00000000000001898
128.5 0.00000000000001943
129.0 0.00000000000001910
129.5 0.00000000000001976
130.0 0.00000000000001921
130.5 0.00000000000002054
131.0 0.00000000000001998
131.5 0.00000000000002054
132.0 0.00000000000002043
132.5 0.00000000000002087
133.0 0.00000000000002087
133.5 0.00000000000002109
134.0 0.00000000000002121
134.5 0.00000000000002087
135.0 0.00000000000002143
135.5 0.00000000000002154
136.0 0.00000000000002198
136.5 0.00000000000002220
137.0 0.00000000000002265
137.5 0.00000000000002209
138.0 0.00000000000002254
138.5 0.00000000000002254
139.0 0.00000000000002309
139.5 0.00000000000002354
140.0 0.00000000000002376
140.5 0.00000000000002298
141.0 0.00000000000002331
141.5 0.00000000000002431
142.0 0.00000000000002398
142.5 0.00000000000002409
143.0 0.00000000000002431
143.5 0.00000000000002487
144.0 0.00000000000002465
144.5 0.00000000000002431
145.0 0.00000000000002487
145.5 0.00000000000002487
146.0 0.00000000000002565
146.5 0.00000000000002520
147.0 0.00000000000002554
147.5 0.00000000000002576
148.0 0.00000000000002576
148.5 0.00000000000002665
149.0 0.00000000000002642
149.5 0.00000000000002665
150.0 0.00000000000002665
150.5 0.00000000000002692
151.0 0.00000000000002737
151.5 0.00000000000002653
152.0 0.00000000000002703
152.5 0.00000000000002698
153.0 0.00000000000002731
153.5 0.00000000000002731
154.0 0.00000000000002753
154.5 0.00000000000002737
155.0 0.00000000000002787
155.5 0.00000000000002814
156.0 0.00000000000002776
156.5 0.00000000000002859
157.0 0.00000000000002831
157.5 0.00000000000002842
158.0 0.00000000000002842
158.5 0.00000000000002842
159.0 0.00000000000002842
159.5 0.00000000000002870
160.0 0.00000000000002870
160.5 0.00000000000002859
161.0 0.00000000000002903
161.5 0.00000000000002892
162.0 0.00000000000002931
162.5 0.00000000000002959
163.0 0.00000000000002970
163.5 0.00000000000002981
164.0 0.00000000000002964
164.5 0.00000000000003014
165.0 0.00000000000002959
165.5 0.00000000000002970
166.0 0.00000000000002998
166.5 0.00000000000003039
167.0 0.00000000000003036
167.5 0.00000000000003064
168.0 0.00000000000003039
168.5 0.00000000000003039
169.0 0.00000000000003017
169.5 0.00000000000003064
170.0 0.00000000000003059
170.5 0.00000000000003050
171.0 0.00000000000003073
171.5 0.00000000000003048
172.0 0.00000000000003048
172.5 0.00000000000003053
173.0 0.00000000000003050
173.5 0.00000000000003066
174.0 0.00000000000003068
174.5 0.00000000000003070
175.0 0.00000000000003092
175.5 0.00000000000003089
176.0 0.00000000000003125
176.5 0.00000000000003102
177.0 0.00000000000003096
177.5 0.00000000000003100
178.0 0.00000000000003119
178.5 0.00000000000003124
179.0 0.00000000000003142
179.5 0.00000000000003144
180.0 -0.00000000000000006
180.5 -0.00000000000000012
181.0 -0.00000000000000031
181.5 -0.00000000000000015
182.0 0.00000000000000012
182.5 0.00000000000000028
183.0 0.00000000000000030
183.5 0.00000000000000024
184.0 -0.00000000000000044
184.5 0.00000000000000006
185.0 0.00000000000000017
185.5 0.00000000000000033
186.0 0.00000000000000022
186.5 0.00000000000000024
187.0 0.00000000000000018
187.5 0.00000000000000031
188.0 0.00000000000000033
188.5 0.00000000000000022
189.0 0.00000000000000011
189.5 0.00000000000000003
190.0 0.00000000000000025
190.5 0.00000000000000008
191.0 0.00000000000000017
191.5 -0.00000000000000006
192.0 -0.00000000000000017
192.5 -0.00000000000000025
193.0 -0.00000000000000017
193.5 -0.00000000000000022
194.0 0.00000000000000000
194.5 0.00000000000000017
195.0 0.00000000000000017
195.5 0.00000000000000006
196.0 0.00000000000000011
196.5 -0.00000000000000017
197.0 -0.00000000000000011
197.5 0.00000000000000011
198.0 0.00000000000000011
198.5 0.00000000000000028
199.0 0.00000000000000061
199.5 0.00000000000000050
200.0 0.00000000000000017
200.5 0.00000000000000056
201.0 0.00000000000000056
201.5 0.00000000000000044
202.0 0.00000000000000044
202.5 0.00000000000000044
203.0 0.00000000000000022
203.5 0.00000000000000017
204.0 0.00000000000000067
204.5 0.00000000000000017
205.0 0.00000000000000044
205.5 0.00000000000000083
206.0 0.00000000000000044
206.5 0.00000000000000056
207.0 0.00000000000000028
207.5 0.00000000000000061
208.0 0.00000000000000039
208.5 0.00000000000000056
209.0 0.00000000000000006
209.5 0.00000000000000006
210.0 0.00000000000000011
210.5 0.00000000000000022
211.0 0.00000000000000022
211.5 0.00000000000000000
212.0 0.00000000000000056
212.5 0.00000000000000067
213.0 0.00000000000000089
213.5 0.00000000000000067
214.0 0.00000000000000033
214.5 0.00000000000000067
215.0 0.00000000000000044
215.5 0.00000000000000089
216.0 0.00000000000000044
216.5 0.00000000000000033
217.0 0.00000000000000067
217.5 0.00000000000000056
218.0 0.00000000000000067
218.5 0.00000000000000011
219.0 0.00000000000000067
219.5 0.00000000000000078
220.0 0.00000000000000000
220.5 -0.00000000000000022
221.0 0.00000000000000044
221.5 0.00000000000000078
222.0 0.00000000000000044
222.5 0.00000000000000078
223.0 0.00000000000000022
223.5 0.00000000000000056
224.0 0.00000000000000033
224.5 0.00000000000000056
225.0 -0.00000000000000046
225.5 0.00000000000000067
226.0 0.00000000000000033
226.5 0.00000000000000022
227.0 0.00000000000000033
227.5 0.00000000000000044
228.0 0.00000000000000044
228.5 -0.00000000000000022
229.0 0.00000000000000033
229.5 -0.00000000000000011
230.0 0.00000000000000067
230.5 -0.00000000000000011
231.0 0.00000000000000067
231.5 0.00000000000000011
232.0 0.00000000000000022
232.5 0.00000000000000078
233.0 0.00000000000000067
233.5 0.00000000000000022
234.0 0.00000000000000067
234.5 0.00000000000000044
235.0 0.00000000000000067
235.5 0.00000000000000044
236.0 0.00000000000000033
236.5 -0.00000000000000011
237.0 0.00000000000000111
237.5 0.00000000000000022
238.0 0.00000000000000033
238.5 0.00000000000000022
239.0 0.00000000000000011
239.5 -0.00000000000000011
240.0 0.00000000000000044
240.5 0.00000000000000044
241.0 0.00000000000000033
241.5 -0.00000000000000011
242.0 0.00000000000000011
242.5 0.00000000000000000
243.0 0.00000000000000022
243.5 0.00000000000000033
244.0 0.00000000000000033
244.5 -0.00000000000000011
245.0 0.00000000000000044
245.5 0.00000000000000033
246.0 0.00000000000000033
246.5 0.00000000000000000
247.0 0.00000000000000011
247.5 0.00000000000000022
248.0 0.00000000000000000
248.5 0.00000000000000022
249.0 0.00000000000000022
249.5 0.00000000000000011
250.0 0.00000000000000022
250.5 0.00000000000000011
251.0 0.00000000000000011
251.5 0.00000000000000044
252.0 0.00000000000000056
252.5 0.00000000000000044
253.0 0.00000000000000000
253.5 0.00000000000000033
254.0 0.00000000000000044
254.5 0.00000000000000056
255.0 0.00000000000000022
255.5 0.00000000000000022
256.0 0.00000000000000056
256.5 -0.00000000000000022
257.0 0.00000000000000067
257.5 0.00000000000000033
258.0 0.00000000000000056
258.5 0.00000000000000044
259.0 0.00000000000000067
259.5 0.00000000000000044
260.0 0.00000000000000044
260.5 0.00000000000000078
261.0 0.00000000000000089
261.5 0.00000000000000056
262.0 0.00000000000000044
262.5 0.00000000000000056
263.0 0.00000000000000089
263.5 0.00000000000000033
264.0 0.00000000000000033
264.5 0.00000000000000000
265.0 0.00000000000000089
265.5 0.00000000000000044
266.0 0.00000000000000044
266.5 0.00000000000000000
267.0 0.00000000000000044
267.5 0.00000000000000022
268.0 0.00000000000000044
268.5 0.00000000000000100
269.0 0.00000000000000056
269.5 0.00000000000000022
270.0 0.00000000000000022
270.5 -0.00000000000000044
271.0 -0.00000000000000122
271.5 -0.00000000000000144
272.0 -0.00000000000000266
272.5 -0.00000000000000377
273.0 -0.00000000000000444
273.5 -0.00000000000000555
274.0 -0.00000000000000611
274.5 -0.00000000000000688
275.0 -0.00000000000000733
275.5 -0.00000000000000899
276.0 -0.00000000000000921
276.5 -0.00000000000001021
277.0 -0.00000000000001021
277.5 -0.00000000000001177
278.0 -0.00000000000001255
278.5 -0.00000000000001332
279.0 -0.00000000000001366
279.5 -0.00000000000001432
280.0 -0.00000000000001565
280.5 -0.00000000000001632
281.0 -0.00000000000001721
281.5 -0.00000000000001810
282.0 -0.00000000000001854
282.5 -0.00000000000001976
283.0 -0.00000000000002032
283.5 -0.00000000000002165
284.0 -0.00000000000002198
284.5 -0.00000000000002298
285.0 -0.00000000000002365
285.5 -0.00000000000002420
286.0 -0.00000000000002520
286.5 -0.00000000000002620
287.0 -0.00000000000002698
287.5 -0.00000000000002742
288.0 -0.00000000000002820
288.5 -0.00000000000002920
289.0 -0.00000000000003020
289.5 -0.00000000000003064
290.0 -0.00000000000003164
290.5 -0.00000000000003197
291.0 -0.00000000000003275
291.5 -0.00000000000003364
292.0 -0.00000000000003475
292.5 -0.00000000000003519
293.0 -0.00000000000003608
293.5 -0.00000000000003697
294.0 -0.00000000000003730
294.5 -0.00000000000003797
295.0 -0.00000000000003886
295.5 -0.00000000000003997
296.0 -0.00000000000004030
296.5 -0.00000000000004119
297.0 -0.00000000000004163
297.5 -0.00000000000004274
298.0 -0.00000000000004330
298.5 -0.00000000000004441
299.0 -0.00000000000004463
299.5 -0.00000000000004508
300.0 -0.00000000000004596
300.5 -0.00000000000004707
301.0 -0.00000000000004763
301.5 -0.00000000000004807
302.0 -0.00000000000004896
302.5 -0.00000000000004996
303.0 -0.00000000000004974
303.5 -0.00000000000005118
304.0 -0.00000000000005163
304.5 -0.00000000000005163
305.0 -0.00000000000005240
305.5 -0.00000000000005373
306.0 -0.00000000000005396
306.5 -0.00000000000005507
307.0 -0.00000000000005551
307.5 -0.00000000000005562
308.0 -0.00000000000005662
308.5 -0.00000000000005762
309.0 -0.00000000000005773
309.5 -0.00000000000005873
310.0 -0.00000000000005906
310.5 -0.00000000000005984
311.0 -0.00000000000006051
311.5 -0.00000000000006117
312.0 -0.00000000000006206
312.5 -0.00000000000006228
313.0 -0.00000000000006306
313.5 -0.00000000000006350
314.0 -0.00000000000006417
314.5 -0.00000000000006439
315.0 -0.00000000000006528
315.5 -0.00000000000006550
316.0 -0.00000000000006650
316.5 -0.00000000000006695
317.0 -0.00000000000006761
317.5 -0.00000000000006772
318.0 -0.00000000000006850
318.5 -0.00000000000006872
319.0 -0.00000000000006983
319.5 -0.00000000000007061
320.0 -0.00000000000007094
320.5 -0.00000000000007072
321.0 -0.00000000000007150
321.5 -0.00000000000007272
322.0 -0.00000000000007261
322.5 -0.00000000000007294
323.0 -0.00000000000007350
323.5 -0.00000000000007394
324.0 -0.00000000000007450
324.5 -0.00000000000007494
325.0 -0.00000000000007561
325.5 -0.00000000000007605
326.0 -0.00000000000007672
326.5 -0.00000000000007661
327.0 -0.00000000000007672
327.5 -0.00000000000007749
328.0 -0.00000000000007805
328.5 -0.00000000000007905
329.0 -0.00000000000007938
329.5 -0.00000000000007994
330.0 -0.00000000000007994
330.5 -0.00000000000008055
331.0 -0.00000000000008138
331.5 -0.00000000000008105
332.0 -0.00000000000008155
332.5 -0.00000000000008166
333.0 -0.00000000000008205
333.5 -0.00000000000008232
334.0 -0.00000000000008304
334.5 -0.00000000000008299
335.0 -0.00000000000008354
335.5 -0.00000000000008421
336.0 -0.00000000000008421
336.5 -0.00000000000008482
337.0 -0.00000000000008493
337.5 -0.00000000000008532
338.0 -0.00000000000008538
338.5 -0.00000000000008582
339.0 -0.00000000000008604
339.5 -0.00000000000008632
340.0 -0.00000000000008682
340.5 -0.00000000000008676
341.0 -0.00000000000008721
341.5 -0.00000000000008765
342.0 -0.00000000000008837
342.5 -0.00000000000008854
343.0 -0.00000000000008876
343.5 -0.00000000000008898
344.0 -0.00000000000008882
344.5 -0.00000000000008932
345.0 -0.00000000000008910
345.5 -0.00000000000008954
346.0 -0.00000000000008996
346.5 -0.00000000000009051
347.0 -0.00000000000009057
347.5 -0.00000000000009079
348.0 -0.00000000000009062
348.5 -0.00000000000009096
349.0 -0.00000000000009071
349.5 -0.00000000000009109
350.0 -0.00000000000009087
350.5 -0.00000000000009148
351.0 -0.00000000000009151
351.5 -0.00000000000009157
352.0 -0.00000000000009168
352.5 -0.00000000000009143
353.0 -0.00000000000009166
353.5 -0.00000000000009170
354.0 -0.00000000000009201
354.5 -0.00000000000009230
355.0 -0.00000000000009222
355.5 -0.00000000000009218
356.0 -0.00000000000009273
356.5 -0.00000000000009232
357.0 -0.00000000000009229
357.5 -0.00000000000009256
358.0 -0.00000000000009277
358.5 -0.00000000000009286
359.0 -0.00000000000009282
359.5 -0.00000000000009262
360.0 -0.00000000000009257
